"x":1210.885,
"y":1187.844,
"yaw":2.798477,
"speed":49.15295,
"s":435.0642,
"d":6.110345,

"previous_path_x":[1211.326,1211.761,1212.196,1212.632,1213.071,1213.505,1213.94,1214.376,1214.814,1215.248,1215.682,1216.118,1216.55,1216.983,1217.417,1217.852,1218.29,1218.731,1219.164,1219.599,1220.034,1220.465,1220.896,1221.329,1221.764,1222.194,1222.624,1223.056,1223.49,1223.926,1224.358,1224.79,1225.223,1225.652,1226.081,1226.511,1226.944,1227.379],"previous_path_y":[1187.866,1187.887,1187.908,1187.929,1187.95,1187.97,1187.991,1188.012,1188.032,1188.053,1188.073,1188.093,1188.113,1188.132,1188.152,1188.171,1188.19,1188.209,1188.228,1188.246,1188.264,1188.282,1188.299,1188.317,1188.334,1188.35,1188.366,1188.382,1188.398,1188.413,1188.428,1188.442,1188.457,1188.47,1188.483,1188.496,1188.509,1188.521],

"end_path_s":451.5717,"end_path_d":5.99049,

"sensor_fusion":[
[ 0, 1178.376, 1182.567, 21.77894,  1.01829,   402.2605, 9.903112],
[ 1, 1267.778, 1187.905, 16.9033,  -0.8321521, 492.3814, 5.858627],
[ 2, 1230.306, 1188.559, 15.22547,  0.6196827, 454.4983, 6.051105],
[ 3, 1357.318, 1180.595, 18.02374, -1.656047,  582.6145, 6.14142],
[ 4, 1142.02,  1188.293, 19.47572,  1.391914,  366.1516, 1.946634],
[ 5, 1186.202, 1186.899, 19.00685,  0.7992262, 410.2872, 5.94154],
[ 6, 1338.671, 1186.64,  17.45577, -2.370986,  563.5295, 1.856963],
[ 7, 1125.031, 1179.088, 21.25352,  1.774845,  347.994,  9.672249],
[ 8, 1322.412, 1184.56,  16.21427, -1.801009,  547.6021, 5.728942],
[ 9, 1153.261, 1185.083, 21.39246,  1.519676,  377.1173, 5.997798],
[10, 1320.923, 1180.647, 16.9609,  -1.844464,  546.556,  9.782695],
[11, 1301.158, 1190.28,  17.70398, -0.7593793, 525.6979, 2.028981]
]
